                 CDR2       CDR3 RPY_1YR_RT RPY_3YR_RT RPY_5YR_RT RPY_7YR_RT
CDR2        1.0000000  0.7675589 -0.7467522 -0.7210302 -0.6748901 -0.6380050
CDR3        0.7675589  1.0000000 -0.7501919 -0.7619241 -0.6864179 -0.6541115
RPY_1YR_RT -0.7467522 -0.7501919  1.0000000  0.9354577  0.8590879  0.7880722
RPY_3YR_RT -0.7210302 -0.7619241  0.9354577  1.0000000  0.9446204  0.8774713
RPY_5YR_RT -0.6748901 -0.6864179  0.8590879  0.9446204  1.0000000  0.9411920
RPY_7YR_RT -0.6380050 -0.6541115  0.7880722  0.8774713  0.9411920  1.0000000
